time=1681004750 guess=240649.57455344562 error=702189.6178988118 port=16540 sign=KwE/LJVCMKg/Te3kIWqJhtZxypyQy9NLYCjeR3LnSlk=
time=1681004754 guess=-538744.335942567 error=657666.1120047529 port=16540 sign=b3FIat++DpmpifWlX6NSPmrZoXgY2x3GHcg1K+pWlj0=
time=1681004757 guess=-848151.068828237 error=519918.1709427965 port=16540 sign=MsVh95umg6F+L9XqptJFDRsoXqEcCzre9Chfp4Bg+HM=
